
1 1 1 300 91
2 2 2 271 100
3 6 6 260 121
4 24 24 291 120
5 120 120 291 120
6 720 720 300 120
7 5040 5040 291 120
8 40320 40320 321 120
9 362880 362880 330 121
10 3628800 3628800 331 130
11 39916800 39916800 321 130
12 479001600 479001600 320 140
13 6227020800 6227020800 341 140
14 87178291200 87178291200 341 140
15 1307674368000 1307674368000 341 140
16 20922789888000 20922789888000 311 150
17 355687428096000 355687428096000 341 150
18 6402373705728000 6402373705728000 311 150
19 121645100408832000 121645100408832000 340 151
20 2432902008176640000 2432902008176640000 361 150
21 14197454024290336768 14197454024290336768 361 150
22 17196083355034583040 17196083355034583040 350 161
23 8128291617894825984 8128291617894825984 350 160
24 10611558092380307456 10611558092380307456 371 160
25 7034535277573963776 7034535277573963776 351 160
26 16877220553537093632 16877220553537093632 340 171
27 12963097176472289280 12963097176472289280 371 170
28 12478583540742619136 12478583540742619136 380 180
29 11390785281054474240 11390785281054474240 371 170
30 9682165104862298112 9682165104862298112 381 171
31 4999213071378415616 4999213071378415616 381 180
32 12400865694432886784 12400865694432886784 361 180
33 3400198294675128320 3400198294675128320 391 180
34 4926277576697053184 4926277576697053184 391 190
35 6399018521010896896 6399018521010896896 381 180
36 9003737871877668864 9003737871877668864 371 190
37 1096907932701818880 1096907932701818880 391 190
38 4789013295250014208 4789013295250014208 401 190
39 2304077777655037952 2304077777655037952 401 200
40 18376134811363311616 18376134811363311616 390 200
41 15551764317513711616 15551764317513711616 381 200
42 7538058755741581312 7538058755741581312 451 220
43 10541877243825618944 10541877243825618944 401 210
44 2673996885588443136 2673996885588443136 411 210
45 9649395409222631424 9649395409222631424 401 210
46 1150331055211806720 1150331055211806720 411 210
47 17172071447535812608 17172071447535812608 400 211
48 12602690238498734080 12602690238498734080 471 240
49 8789267254022766592 8789267254022766592 470 260
50 15188249005818642432 15188249005818642432 500 261
51 18284192274659147776 18284192274659147776 491 240
52 9994050523088551936 9994050523088551936 501 250
53 13175843659825807360 13175843659825807360 410 231
54 10519282829630636032 10519282829630636032 391 230
55 6711489344688881664 6711489344688881664 441 250
56 6908521828386340864 6908521828386340864 450 231
57 6404118670120845312 6404118670120845312 451 240
58 2504001392817995776 2504001392817995776 441 240
59 162129586585337856 162129586585337856 471 240
60 9727775195120271360 9727775195120271360 461 240
61 3098476543630901248 3098476543630901248 481 240
62 7638104968020361216 7638104968020361216 431 251
63 1585267068834414592 1585267068834414592 471 250
64 9223372036854775808 9223372036854775808 471 250
65 9223372036854775808 9223372036854775808 492 250
66 0 0 491 261
67 0 0 481 260
68 0 0 491 260
69 0 0 491 270
70 0 0 512 260
71 0 0 471 260
72 0 0 481 281
73 0 0 501 270
74 0 0 481 270
75 0 0 500 291
76 0 0 511 270
77 0 0 511 271
78 0 0 521 280
79 0 0 641 281
80 0 0 511 290
81 0 0 491 281
82 0 0 511 291
83 0 0 612 340
84 0 0 742 320
85 0 0 611 331
86 0 0 511 301
87 0 0 541 300
88 0 0 501 311
89 0 0 551 311
90 0 0 551 320
91 0 0 561 300
92 0 0 582 300
93 0 0 541 311
94 0 0 531 310
95 0 0 571 320
96 0 0 742 311
97 0 0 611 310
98 0 0 611 321
99 0 0 761 320
100 0 0 551 341
101 0 0 601 341
102 0 0 571 331
103 0 0 661 341
104 0 0 571 331
105 0 0 641 351
106 0 0 791 341
107 0 0 701 341
108 0 0 651 360
109 0 0 602 360
110 0 0 831 350
111 0 0 681 371
112 0 0 601 351
113 0 0 721 361
114 0 0 831 361
115 0 0 581 381
116 0 0 671 381
117 0 0 702 370
118 0 0 631 371
119 0 0 621 401
120 0 0 662 371
