1 1 1 281 80
2 2 2 290 100
3 6 6 241 120
4 24 24 251 110
5 120 120 281 121
6 720 720 260 120
7 5040 5040 271 130
8 40320 40320 270 130
9 362880 362880 280 121
10 3628800 3628800 281 130
11 39916800 39916800 290 141
12 479001600 479001600 291 140
13 6227020800 6227020800 311 140
14 87178291200 87178291200 321 140
15 1307674368000 1307674368000 321 140
16 20922789888000 20922789888000 311 140
17 355687428096000 355687428096000 321 150
18 6402373705728000 6402373705728000 321 150
19 121645100408832000 121645100408832000 321 150
20 2432902008176640000 2432902008176640000 301 150
21 14197454024290336768 14197454024290336768 341 161
22 17196083355034583040 17196083355034583040 341 140
23 8128291617894825984 8128291617894825984 341 160
24 10611558092380307456 10611558092380307456 300 161
25 7034535277573963776 7034535277573963776 340 161
26 16877220553537093632 16877220553537093632 351 161
27 12963097176472289280 12963097176472289280 330 170
28 12478583540742619136 12478583540742619136 351 171
29 11390785281054474240 11390785281054474240 341 170
30 9682165104862298112 9682165104862298112 360 180
31 4999213071378415616 4999213071378415616 381 180
32 12400865694432886784 12400865694432886784 371 180
33 3400198294675128320 3400198294675128320 391 180
34 4926277576697053184 4926277576697053184 401 180
35 6399018521010896896 6399018521010896896 391 180
36 9003737871877668864 9003737871877668864 391 190
37 1096907932701818880 1096907932701818880 421 191
38 4789013295250014208 4789013295250014208 391 201
39 2304077777655037952 2304077777655037952 431 190
40 18376134811363311616 18376134811363311616 421 200
41 15551764317513711616 15551764317513711616 441 201
42 7538058755741581312 7538058755741581312 430 190
43 10541877243825618944 10541877243825618944 451 210
44 2673996885588443136 2673996885588443136 451 211
45 9649395409222631424 9649395409222631424 461 211
46 1150331055211806720 1150331055211806720 461 210
47 17172071447535812608 17172071447535812608 480 210
48 12602690238498734080 12602690238498734080 481 220
49 8789267254022766592 8789267254022766592 501 221
50 15188249005818642432 15188249005818642432 501 240
51 18284192274659147776 18284192274659147776 521 221
52 9994050523088551936 9994050523088551936 511 220
53 13175843659825807360 13175843659825807360 521 241
54 10519282829630636032 10519282829630636032 541 231
55 6711489344688881664 6711489344688881664 511 231
56 6908521828386340864 6908521828386340864 481 240
57 6404118670120845312 6404118670120845312 541 270
58 2504001392817995776 2504001392817995776 491 271
59 162129586585337856 162129586585337856 581 241
60 9727775195120271360 9727775195120271360 591 250
61 3098476543630901248 3098476543630901248 591 241
62 7638104968020361216 7638104968020361216 601 251
63 1585267068834414592 1585267068834414592 601 250
64 9223372036854775808 9223372036854775808 601 251
65 9223372036854775808 9223372036854775808 611 241
66 0 0 632 260
67 0 0 631 261
68 0 0 601 261
69 0 0 661 260
70 0 0 641 261
71 0 0 661 271
72 0 0 671 261
73 0 0 671 270
74 0 0 681 261
75 0 0 701 271
76 0 0 691 281
77 0 0 722 271
78 0 0 711 271
79 0 0 712 280
80 0 0 751 281
81 0 0 742 270
82 0 0 741 281
83 0 0 752 301
84 0 0 761 291
85 0 0 761 290
86 0 0 771 301
87 0 0 781 300
88 0 0 781 301
89 0 0 792 310
90 0 0 791 311
91 0 0 811 300
92 0 0 801 300
93 0 0 902 311
94 0 0 841 320
95 0 0 842 311
96 0 0 851 320
97 0 0 851 351
98 0 0 621 361
99 0 0 802 351
100 0 0 841 391
101 0 0 852 361
102 0 0 891 331
103 0 0 892 330
104 0 0 902 330
105 0 0 902 341
106 0 0 912 331
107 0 0 912 330
108 0 0 922 341
109 0 0 932 350
110 0 0 942 351
111 0 0 942 340
112 0 0 961 351
113 0 0 972 351
114 0 0 992 361
115 0 0 982 361
116 0 0 1002 361
117 0 0 1001 351
118 0 0 992 361
119 0 0 1013 370
120 0 0 1012 361
