0 1 1 271 70
1 1 1 240 91
2 2 2 231 100
3 6 6 241 110
4 24 24 251 120
5 120 120 270 120
6 720 720 290 121
7 5040 5040 261 120
8 40320 40320 291 130
9 362880 362880 270 120
10 3628800 3628800 280 121
11 39916800 39916800 280 130
12 479001600 479001600 290 131
13 6227020800 6227020800 311 140
14 87178291200 87178291200 361 170
15 1307674368000 1307674368000 311 140
16 20922789888000 20922789888000 301 150
17 355687428096000 355687428096000 310 150
18 6402373705728000 6402373705728000 321 140
19 121645100408832000 121645100408832000 311 150
20 2432902008176640000 2432902008176640000 321 151
21 14197454024290336768 14197454024290336768 331 160
22 17196083355034583040 17196083355034583040 330 161
23 8128291617894825984 8128291617894825984 351 160
24 10611558092380307456 10611558092380307456 350 160
25 7034535277573963776 7034535277573963776 320 170
26 16877220553537093632 16877220553537093632 350 170
27 12963097176472289280 12963097176472289280 360 170
28 12478583540742619136 12478583540742619136 360 170
29 11390785281054474240 11390785281054474240 351 180
30 9682165104862298112 9682165104862298112 361 181
31 4999213071378415616 4999213071378415616 371 180
32 12400865694432886784 12400865694432886784 381 180
33 3400198294675128320 3400198294675128320 371 181
34 4926277576697053184 4926277576697053184 380 191
35 6399018521010896896 6399018521010896896 351 180
36 9003737871877668864 9003737871877668864 410 191
37 1096907932701818880 1096907932701818880 411 190
38 4789013295250014208 4789013295250014208 401 191
39 2304077777655037952 2304077777655037952 421 201
40 18376134811363311616 18376134811363311616 441 200
41 15551764317513711616 15551764317513711616 431 200
42 7538058755741581312 7538058755741581312 431 200
43 10541877243825618944 10541877243825618944 371 211
44 2673996885588443136 2673996885588443136 461 211
45 9649395409222631424 9649395409222631424 471 210
46 1150331055211806720 1150331055211806720 461 210
47 17172071447535812608 17172071447535812608 472 220
48 12602690238498734080 12602690238498734080 481 210
49 8789267254022766592 8789267254022766592 501 221
50 15188249005818642432 15188249005818642432 470 250
51 18284192274659147776 18284192274659147776 481 240
52 9994050523088551936 9994050523088551936 511 250
53 13175843659825807360 13175843659825807360 532 230
54 10519282829630636032 10519282829630636032 531 231
55 6711489344688881664 6711489344688881664 531 221
56 6908521828386340864 6908521828386340864 541 231
57 6404118670120845312 6404118670120845312 561 241
58 2504001392817995776 2504001392817995776 541 241
59 162129586585337856 162129586585337856 551 241
60 9727775195120271360 9727775195120271360 571 240
61 3098476543630901248 3098476543630901248 581 241
62 7638104968020361216 7638104968020361216 601 251
63 1585267068834414592 1585267068834414592 601 251
64 9223372036854775808 9223372036854775808 602 240
65  9223372036854775808 631 250
66 0 0 641 261
67 0 0 622 250
68 0 0 631 260
69 0 0 651 260
70 0 0 651 260
71 0 0 671 261
72 0 0 681 271
73 0 0 681 270
74 0 0 681 271
75 0 0 681 271
76 0 0 701 281
77 0 0 691 280
78 0 0 721 291
79 0 0 641 290
80 0 0 721 281
81 0 0 742 290
82 0 0 741 291
83 0 0 752 291
84 0 0 761 291
85 0 0 761 290
86 0 0 781 300
87 0 0 811 301
88 0 0 782 330
89 0 0 481 311
90 0 0 791 301
91 0 0 812 301
92 0 0 821 311
93 0 0 831 310
94 0 0 821 340
95 0 0 781 341
96 0 0 852 330
97 0 0 862 371
98 0 0 852 320
99 0 0 862 321
100 0 0 882 330
101 0 0 891 330
102 0 0 902 331
103 0 0 901 330
104 0 0 921 330
105 0 0 912 341
106 0 0 912 331
107 0 0 932 341
108 0 0 942 351
109 0 0 922 361
110 0 0 952 331
111 0 0 951 340
112 0 0 962 361
113 0 0 981 350
114 0 0 982 361
115 0 0 1012 350
116 0 0 972 361
117 0 0 591 361
118 0 0 1002 381
119 0 0 1012 370
120 0 0 1032 371
